                             a       and        at        by     crude      dlrs       for      from        in        is        it       its      last       mln       nil        of       oil        on       pct         s      said      that       the        to    tonnes         u       was     wheat      with
crude article000.txt  0.220010  0.242879  0.000000  0.133026  0.000000  0.000000  0.053224  0.071225  0.310799  0.136326  0.000000  0.076568  0.000000  0.153136  0.000000  0.407753  0.137173  0.073566  0.279155  0.051800  0.206084  0.000000  0.586507  0.254846  0.000000  0.000000  0.000000  0.000000  0.000000
crude article001.txt  0.239047  0.267413  0.102529  0.173443  0.000000  0.163029  0.154211  0.061911  0.195111  0.078998  0.081505  0.066555  0.099541  0.066555  0.000000  0.324893  0.139106  0.063945  0.188726  0.255145  0.149277  0.208684  0.562092  0.236285  0.000000  0.184553  0.022490  0.000000  0.070370
crude article002.txt  0.195723  0.172854  0.062961  0.118341  0.000000  0.000000  0.142045  0.063363  0.138245  0.060638  0.125126  0.136231  0.152813  0.000000  0.000000  0.136028  0.122030  0.130890  0.000000  0.046082  0.275002  0.000000  0.762575  0.226713  0.000000  0.000000  0.207157  0.000000  0.072020
crude article003.txt  0.380990  0.224316  0.163410  0.153573  0.000000  0.000000  0.000000  0.164454  0.000000  0.000000  0.243567  0.176790  0.099154  0.000000  0.000000  0.294210  0.079180  0.000000  0.000000  0.059801  0.475833  0.103937  0.520846  0.117684  0.000000  0.000000  0.089611  0.000000  0.000000
crude article004.txt  0.028687  0.177345  0.036912  0.034690  0.000000  0.377312  0.083278  0.074296  0.324199  0.071102  0.256754  0.279542  0.134386  0.359411  0.000000  0.372166  0.286173  0.153475  0.048532  0.108066  0.241840  0.000000  0.282366  0.106333  0.000000  0.036912  0.000000  0.000000  0.000000
crude article005.txt  0.107134  0.378465  0.000000  0.129554  0.337162  0.000000  0.000000  0.277466  0.302688  0.000000  0.000000  0.000000  0.000000  0.000000  0.000000  0.099278  0.534372  0.000000  0.000000  0.000000  0.200706  0.175362  0.351508  0.099278  0.153297  0.000000  0.151191  0.000000  0.000000
crude article006.txt  0.283571  0.250438  0.000000  0.228609  0.000000  0.000000  0.000000  0.122403  0.267060  0.000000  0.000000  0.000000  0.000000  0.000000  0.000000  0.350369  0.117868  0.252851  0.000000  0.089020  0.177081  0.000000  0.387666  0.525554  0.000000  0.121626  0.133394  0.000000  0.139128
crude article007.txt  0.000000  0.000000  0.000000  0.000000  0.914525  0.000000  0.000000  0.000000  0.000000  0.000000  0.000000  0.000000  0.000000  0.404530  0.000000  0.000000  0.000000  0.000000  0.000000  0.000000  0.000000  0.000000  0.000000  0.000000  0.000000  0.000000  0.000000  0.000000  0.000000
crude article008.txt  0.000000  0.161656  0.078509  0.000000  0.288028  0.000000  0.000000  0.000000  0.344771  0.000000  0.078013  0.084937  0.000000  0.679499  0.000000  0.113081  0.152166  0.000000  0.000000  0.000000  0.228610  0.000000  0.350331  0.282702  0.000000  0.000000  0.000000  0.000000  0.000000
crude article009.txt  0.084603  0.024906  0.036287  0.034103  0.088751  0.000000  0.000000  0.365189  0.132795  0.000000  0.036058  0.039258  0.044037  0.706648  0.000000  0.000000  0.070332  0.000000  0.477097  0.053118  0.132080  0.000000  0.161924  0.130665  0.000000  0.072574  0.159192  0.000000  0.000000
crude article010.txt  0.187147  0.082640  0.120404  0.000000  0.294485  0.410249  0.000000  0.000000  0.352500  0.000000  0.000000  0.000000  0.000000  0.000000  0.000000  0.000000  0.000000  0.000000  0.000000  0.352500  0.262952  0.000000  0.076754  0.520270  0.000000  0.240807  0.132053  0.000000  0.137729
crude article011.txt  0.123023  0.108648  0.079149  0.148768  0.048396  0.000000  0.297612  0.039827  0.144825  0.076229  0.039324  0.085629  0.000000  0.000000  0.000000  0.313505  0.460217  0.205679  0.260158  0.231719  0.259281  0.100685  0.378412  0.256504  0.000000  0.237446  0.000000  0.000000  0.000000
crude article012.txt  0.230804  0.271781  0.000000  0.093035  0.000000  0.000000  0.074447  0.000000  0.144910  0.000000  0.098369  0.000000  0.000000  0.000000  0.000000  0.213879  0.000000  0.102900  0.390468  0.072455  0.288260  0.000000  0.631058  0.285172  0.000000  0.000000  0.000000  0.000000  0.226478
crude article013.txt  0.238700  0.090347  0.087755  0.082472  0.321949  0.299006  0.230981  0.176631  0.449603  0.084518  0.000000  0.000000  0.053248  0.000000  0.000000  0.126398  0.212608  0.136826  0.288447  0.192687  0.000000  0.000000  0.307677  0.252796  0.000000  0.263265  0.000000  0.000000  0.050191
crude article014.txt  0.108781  0.288213  0.139972  0.000000  0.000000  0.158975  0.105264  0.140866  0.307342  0.134809  0.139088  0.151433  0.000000  0.151433  0.000000  0.201609  0.542587  0.000000  0.184033  0.204895  0.203792  0.000000  0.446141  0.000000  0.000000  0.000000  0.000000  0.000000  0.000000
crude article015.txt  0.000000  0.000000  0.000000  0.000000  0.000000  0.000000  0.000000  0.000000  0.000000  0.000000  0.000000  0.000000  0.000000  0.000000  0.000000  0.000000  0.000000  0.000000  0.000000  0.000000  0.000000  0.000000  0.000000  0.000000  0.000000  0.000000  0.000000  0.000000  0.000000
crude article016.txt  0.062266  0.054991  0.080120  0.075297  0.195958  0.000000  0.000000  0.000000  0.058641  0.077165  0.079614  0.000000  0.000000  0.000000  0.000000  0.346202  0.232932  0.249843  0.000000  0.058641  0.174975  0.000000  0.561815  0.577003  0.000000  0.000000  0.087872  0.000000  0.000000
crude article017.txt  0.141409  0.124886  0.060652  0.057000  0.000000  0.000000  0.273672  0.061039  0.133175  0.058415  0.000000  0.196853  0.000000  0.000000  0.000000  0.262079  0.176332  0.126089  0.000000  0.177567  0.309069  0.000000  0.541291  0.524157  0.000000  0.060652  0.000000  0.000000  0.069379
crude article018.txt  0.246525  0.000000  0.105737  0.099372  0.000000  0.000000  0.000000  0.106412  0.154780  0.203674  0.000000  0.114394  0.000000  0.228789  0.000000  0.228447  0.204939  0.219818  0.695106  0.232170  0.153947  0.000000  0.269617  0.000000  0.000000  0.000000  0.000000  0.000000  0.000000
crude article019.txt  0.255083  0.300371  0.000000  0.000000  0.000000  0.000000  0.082278  0.000000  0.240230  0.210745  0.000000  0.118366  0.000000  0.118366  0.000000  0.393963  0.318080  0.000000  0.431542  0.000000  0.159292  0.000000  0.278977  0.315170  0.000000  0.000000  0.000000  0.000000  0.250301
crude article020.txt  0.139672  0.616761  0.000000  0.000000  0.000000  0.000000  0.135155  0.000000  0.131539  0.000000  0.178585  0.000000  0.000000  0.194435  0.000000  0.258860  0.174167  0.000000  0.000000  0.263079  0.130831  0.000000  0.343699  0.388290  0.000000  0.000000  0.000000  0.000000  0.205581
crude article021.txt  0.147618  0.097777  0.047486  0.089255  0.000000  0.107866  0.035711  0.143368  0.243290  0.045735  0.424675  0.102748  0.115255  0.051374  0.000000  0.341983  0.368150  0.049360  0.000000  0.069511  0.241980  0.120814  0.484336  0.273587  0.000000  0.000000  0.052081  0.000000  0.108638
crude article022.txt  0.156881  0.217722  0.086513  0.054203  0.070531  0.000000  0.151808  0.029022  0.189960  0.000000  0.229244  0.093596  0.174981  0.000000  0.000000  0.186913  0.335358  0.029975  0.000000  0.295493  0.356881  0.256790  0.459579  0.269986  0.000000  0.086513  0.031628  0.000000  0.197923
crude article023.txt  0.148004  0.130711  0.047610  0.089488  0.000000  0.108148  0.035805  0.143743  0.243926  0.045854  0.425786  0.103017  0.115556  0.051508  0.000000  0.377165  0.369113  0.049489  0.000000  0.069693  0.173295  0.121130  0.455252  0.308590  0.000000  0.000000  0.052217  0.000000  0.108922
crude article024.txt  0.081011  0.143091  0.000000  0.000000  0.127475  0.236781  0.000000  0.000000  0.228882  0.000000  0.310742  0.000000  0.126501  0.225548  0.000000  0.000000  0.303054  0.000000  0.000000  0.076294  0.227650  0.397807  0.398696  0.300282  0.000000  0.000000  0.000000  0.000000  0.357716
crude article025.txt  0.194121  0.205727  0.049956  0.000000  0.183275  0.056738  0.037569  0.000000  0.255945  0.048114  0.000000  0.216186  0.181875  0.162140  0.000000  0.287818  0.387300  0.103855  0.131363  0.073127  0.218201  0.000000  0.318456  0.395750  0.111106  0.000000  0.328739  0.000000  0.114289
crude article026.txt  0.199468  0.176161  0.128331  0.000000  0.000000  0.000000  0.193018  0.000000  0.187854  0.123597  0.255040  0.138838  0.000000  0.138838  0.000000  0.092420  0.248730  0.000000  0.506181  0.093927  0.280264  0.000000  0.490842  0.092420  0.000000  0.128331  0.140747  0.000000  0.146797
crude article027.txt  0.083720  0.073938  0.000000  0.000000  0.131738  0.081566  0.189030  0.000000  0.183972  0.276671  0.178407  0.155394  0.000000  0.000000  0.000000  0.181022  0.173994  0.261276  0.000000  0.315381  0.235262  0.274073  0.389138  0.258603  0.000000  0.107725  0.039383  0.000000  0.410753
crude article028.txt  0.167004  0.073745  0.161166  0.000000  0.197092  0.000000  0.040401  0.108131  0.157280  0.051741  0.053383  0.000000  0.000000  0.000000  0.000000  0.348204  0.208248  0.111684  0.000000  0.078640  0.078217  0.068340  0.616433  0.502961  0.000000  0.000000  0.176760  0.000000  0.000000
crude article029.txt  0.180952  0.079905  0.000000  0.000000  0.284738  0.000000  0.000000  0.000000  0.000000  0.112125  0.000000  0.125951  0.000000  0.000000  0.000000  0.251525  0.225642  0.000000  0.000000  0.000000  0.169499  0.000000  0.074213  0.838417  0.000000  0.000000  0.000000  0.000000  0.000000
crude article030.txt  0.141804  0.187853  0.091232  0.042870  0.167352  0.103617  0.205828  0.045907  0.100160  0.087867  0.181311  0.098702  0.000000  0.148052  0.000000  0.328514  0.221031  0.142247  0.000000  0.066774  0.232450  0.116056  0.523418  0.394217  0.000000  0.000000  0.150088  0.000000  0.260899
crude article031.txt  0.340068  0.225250  0.109394  0.051404  0.066889  0.248490  0.041134  0.055046  0.160134  0.210718  0.054351  0.118351  0.132756  0.059175  0.000000  0.354522  0.265034  0.170565  0.000000  0.120100  0.318543  0.139160  0.348677  0.354522  0.000000  0.000000  0.179968  0.000000  0.000000
crude article032.txt  0.206486  0.182359  0.199269  0.000000  0.081229  0.000000  0.149857  0.200542  0.243079  0.063973  0.000000  0.000000  0.080608  0.215584  0.000000  0.430525  0.450593  0.069044  0.000000  0.145847  0.096708  0.000000  0.465769  0.095672  0.221594  0.000000  0.000000  0.000000  0.000000
crude article033.txt  0.180635  0.223341  0.046486  0.174749  0.000000  0.000000  0.209753  0.046783  0.170117  0.179085  0.000000  0.150876  0.000000  0.100584  0.000000  0.200867  0.090099  0.144960  0.000000  0.102070  0.236882  0.354806  0.563032  0.267823  0.000000  0.000000  0.152950  0.000000  0.265874
crude article035.txt  0.313705  0.184700  0.000000  0.189677  0.000000  0.000000  0.050593  0.000000  0.098480  0.129588  0.133701  0.072784  0.000000  0.000000  0.000000  0.000000  0.195590  0.139860  0.000000  0.295439  0.097950  0.256743  0.686180  0.242251  0.000000  0.000000  0.073785  0.000000  0.153912
crude article036.txt  0.248223  0.043844  0.000000  0.120068  0.000000  0.145103  0.000000  0.000000  0.140262  0.000000  0.000000  0.000000  0.155043  0.000000  0.000000  0.414038  0.000000  0.066400  0.755887  0.046754  0.139507  0.000000  0.162885  0.230021  0.000000  0.063879  0.070060  0.000000  0.000000
crude article037.txt  0.090408  0.319380  0.116331  0.437313  0.000000  0.000000  0.000000  0.000000  0.340578  0.000000  0.000000  0.000000  0.423526  0.000000  0.000000  0.167558  0.000000  0.000000  0.000000  0.170289  0.169372  0.000000  0.370789  0.335116  0.000000  0.232663  0.000000  0.000000  0.000000
crude article038.txt  0.172153  0.228057  0.147676  0.104090  0.000000  0.000000  0.083293  0.037155  0.297237  0.071115  0.073372  0.039942  0.044804  0.000000  0.000000  0.319058  0.071556  0.153503  0.000000  0.189151  0.134380  0.234823  0.635440  0.319058  0.000000  0.110757  0.040491  0.000000  0.126694
crude article039.txt  0.000000  0.000000  0.000000  0.609345  0.792905  0.000000  0.000000  0.000000  0.000000  0.000000  0.000000  0.000000  0.000000  0.000000  0.000000  0.000000  0.000000  0.000000  0.000000  0.000000  0.000000  0.000000  0.000000  0.000000  0.000000  0.000000  0.000000  0.000000  0.000000
crude article040.txt  0.190742  0.168455  0.109081  0.153772  0.166745  0.061945  0.020508  0.082334  0.119757  0.262645  0.054196  0.000000  0.000000  0.000000  0.000000  0.235673  0.158566  0.141732  0.000000  0.059879  0.158817  0.346905  0.660594  0.274952  0.000000  0.027270  0.089727  0.000000  0.062389
crude article041.txt  0.203981  0.036029  0.052494  0.098667  0.000000  0.000000  0.118431  0.000000  0.192104  0.151672  0.000000  0.000000  0.000000  0.000000  0.000000  0.264632  0.406972  0.109130  0.000000  0.192104  0.152856  0.066777  0.568874  0.415850  0.000000  0.209974  0.057573  0.000000  0.120094
crude article042.txt  0.475646  0.180030  0.000000  0.082169  0.106922  0.000000  0.065752  0.175982  0.063993  0.084208  0.000000  0.000000  0.106105  0.000000  0.000000  0.314834  0.169462  0.000000  0.000000  0.000000  0.254594  0.222446  0.557357  0.251867  0.000000  0.000000  0.095892  0.000000  0.200027
crude article043.txt  0.224609  0.132243  0.000000  0.181075  0.117811  0.218832  0.072449  0.096953  0.070510  0.000000  0.478643  0.208450  0.000000  0.000000  0.000000  0.208139  0.280081  0.100138  0.000000  0.000000  0.210392  0.245100  0.491297  0.138759  0.000000  0.000000  0.000000  0.000000  0.220399
crude article044.txt  0.234983  0.069176  0.000000  0.000000  0.493010  0.572346  0.075795  0.202861  0.221301  0.097069  0.000000  0.109039  0.000000  0.000000  0.000000  0.000000  0.195344  0.314290  0.132513  0.000000  0.146740  0.000000  0.128497  0.217752  0.000000  0.000000  0.110538  0.000000  0.000000
crude article045.txt  0.300472  0.243250  0.032219  0.090838  0.039401  0.000000  0.145378  0.000000  0.165070  0.062061  0.224107  0.139428  0.039100  0.034857  0.000000  0.324845  0.374680  0.066980  0.127083  0.094326  0.281454  0.122957  0.451849  0.348049  0.000000  0.000000  0.141345  0.000000  0.000000
crude article046.txt  0.055092  0.194620  0.070889  0.066621  0.086690  0.000000  0.159932  0.142683  0.155653  0.000000  0.000000  0.306772  0.086028  0.000000  0.000000  0.357366  0.137396  0.147372  0.093203  0.207537  0.206420  0.090177  0.497085  0.408418  0.000000  0.070889  0.233243  0.000000  0.162178
crude article047.txt  0.000000  0.341064  0.165639  0.155668  0.202562  0.188127  0.124566  0.166697  0.000000  0.000000  0.000000  0.000000  0.000000  0.000000  0.000000  0.238579  0.481563  0.172175  0.000000  0.000000  0.241162  0.000000  0.527952  0.238579  0.000000  0.000000  0.000000  0.000000  0.000000
crude article048.txt  0.341094  0.258205  0.000000  0.058925  0.000000  0.000000  0.094304  0.189300  0.413014  0.060387  0.311516  0.067833  0.000000  0.067833  0.000000  0.361236  0.121524  0.000000  0.164872  0.091781  0.228217  0.079760  0.439659  0.225773  0.000000  0.000000  0.068766  0.000000  0.000000
crude article049.txt  0.483183  0.379313  0.000000  0.064922  0.000000  0.156918  0.155853  0.069522  0.202244  0.199598  0.205933  0.074737  0.167668  0.074737  0.000000  0.149251  0.334730  0.215420  0.000000  0.101122  0.100578  0.263632  0.264222  0.248751  0.000000  0.000000  0.000000  0.000000  0.000000
crude article050.txt  0.477719  0.375023  0.000000  0.064188  0.000000  0.155144  0.154091  0.068736  0.249946  0.197341  0.203604  0.073892  0.165771  0.073892  0.000000  0.147563  0.330945  0.212983  0.000000  0.099979  0.099440  0.260651  0.261234  0.245938  0.000000  0.000000  0.000000  0.000000  0.000000
crude article051.txt  0.263238  0.000000  0.000000  0.238745  0.000000  0.192351  0.063682  0.000000  0.371867  0.081556  0.000000  0.000000  0.000000  0.000000  0.000000  0.304919  0.492375  0.000000  0.000000  0.061978  0.246577  0.000000  0.431844  0.243935  0.000000  0.084679  0.185745  0.000000  0.000000
crude article052.txt  0.214184  0.189158  0.000000  0.064752  0.168515  0.156506  0.155444  0.000000  0.151285  0.066358  0.000000  0.000000  0.000000  0.000000  0.000000  0.148859  0.534162  0.214854  0.000000  0.100857  0.300941  0.087647  0.527056  0.198478  0.000000  0.000000  0.075566  0.000000  0.157627
crude article053.txt  0.193590  0.000000  0.000000  0.175577  0.000000  0.141458  0.046833  0.062672  0.364637  0.059978  0.000000  0.000000  0.000000  0.000000  0.000000  0.313941  0.482803  0.000000  0.000000  0.045580  0.272006  0.000000  0.516078  0.269092  0.000000  0.062275  0.136600  0.000000  0.000000
crude article054.txt  0.198757  0.175533  0.095905  0.030044  0.078188  0.000000  0.192330  0.096517  0.163786  0.153946  0.031766  0.034586  0.077591  0.449615  0.000000  0.184182  0.309804  0.099689  0.126094  0.210582  0.209448  0.122000  0.305683  0.460455  0.000000  0.159841  0.105184  0.000000  0.073137
crude article055.txt  0.115012  0.177753  0.184986  0.000000  0.180977  0.000000  0.111293  0.037234  0.135394  0.071265  0.220581  0.120079  0.000000  0.000000  0.000000  0.213156  0.215124  0.230742  0.048643  0.162472  0.242397  0.141192  0.566032  0.399667  0.000000  0.147989  0.162308  0.000000  0.084642
crude article056.txt  0.191599  0.084606  0.061634  0.057924  0.000000  0.280007  0.231755  0.000000  0.225554  0.000000  0.000000  0.133361  0.074797  0.200042  0.000000  0.399487  0.238919  0.000000  0.162071  0.135333  0.269208  0.000000  0.589350  0.133162  0.000000  0.061634  0.000000  0.000000  0.000000
crude article057.txt  0.000000  0.152586  0.222312  0.000000  0.271867  0.000000  0.000000  0.000000  0.162713  0.214112  0.000000  0.240514  0.000000  0.240514  0.000000  0.160104  0.430885  0.000000  0.000000  0.325426  0.323674  0.000000  0.141717  0.160104  0.000000  0.444624  0.000000  0.000000  0.000000
crude article058.txt  0.000000  0.000000  0.000000  0.000000  0.411987  0.000000  0.000000  0.000000  0.000000  0.000000  0.000000  0.000000  0.000000  0.911190  0.000000  0.000000  0.000000  0.000000  0.000000  0.000000  0.000000  0.000000  0.000000  0.000000  0.000000  0.000000  0.000000  0.000000  0.000000
crude article059.txt  0.156263  0.207007  0.100534  0.000000  0.000000  0.000000  0.226815  0.000000  0.073582  0.000000  0.000000  0.108766  0.000000  0.000000  0.000000  0.362011  0.097428  0.000000  0.132181  0.294329  0.073186  0.639447  0.384526  0.217207  0.000000  0.000000  0.000000  0.000000  0.000000
crude article060.txt  0.399540  0.176428  0.051410  0.048315  0.000000  0.000000  0.077324  0.051738  0.188138  0.049514  0.000000  0.111239  0.062389  0.000000  0.000000  0.222145  0.049821  0.053439  0.000000  0.225766  0.224551  0.261594  0.622676  0.222145  0.000000  0.257050  0.000000  0.000000  0.117615
crude article061.txt  0.329608  0.083170  0.000000  0.113882  0.074094  0.206441  0.091129  0.000000  0.133036  0.000000  0.060205  0.131098  0.000000  0.196647  0.000000  0.436341  0.234864  0.188936  0.000000  0.088690  0.044107  0.000000  0.656594  0.087268  0.000000  0.060588  0.066450  0.000000  0.000000
crude article062.txt  0.176998  0.039079  0.113874  0.000000  0.000000  0.000000  0.128456  0.057301  0.416730  0.000000  0.000000  0.000000  0.069097  0.000000  0.000000  0.287033  0.441422  0.118368  0.149720  0.083346  0.165795  0.000000  0.580733  0.205024  0.000000  0.113874  0.124892  0.000000  0.000000
crude article063.txt  0.289779  0.255920  0.000000  0.000000  0.303988  0.000000  0.000000  0.125083  0.545813  0.119705  0.000000  0.134466  0.000000  0.134466  0.000000  0.268530  0.240897  0.000000  0.163413  0.000000  0.090479  0.000000  0.396153  0.268530  0.000000  0.000000  0.000000  0.000000  0.000000
crude article064.txt  0.233022  0.068598  0.000000  0.000000  0.488897  0.000000  0.150325  0.000000  0.146303  0.096259  0.000000  0.000000  0.121290  0.000000  0.000000  0.215935  0.290572  0.000000  0.525628  0.073151  0.145515  0.000000  0.254850  0.287913  0.000000  0.000000  0.000000  0.000000  0.228654
crude article065.txt  0.204057  0.240286  0.087522  0.246760  0.321094  0.099404  0.065820  0.088081  0.192176  0.084294  0.000000  0.284065  0.106213  0.000000  0.000000  0.189094  0.254453  0.090975  0.460291  0.256234  0.318569  0.111337  0.167378  0.126062  0.000000  0.087522  0.095990  0.000000  0.100116
crude article066.txt  0.206383  0.324033  0.206546  0.083191  0.072168  0.033512  0.199710  0.029695  0.237559  0.142092  0.058640  0.223458  0.035808  0.127690  0.000000  0.276249  0.200164  0.092013  0.000000  0.107981  0.064440  0.075071  0.489050  0.424998  0.000000  0.000000  0.032362  0.000000  0.202515
crude article067.txt  0.189514  0.334742  0.081285  0.076391  0.099404  0.184640  0.061129  0.081804  0.237973  0.078287  0.242314  0.087940  0.000000  0.263820  0.000000  0.585392  0.236319  0.000000  0.000000  0.059493  0.177519  0.000000  0.259083  0.292696  0.000000  0.000000  0.000000  0.000000  0.000000
crude article068.txt  0.000000  0.000000  0.000000  0.000000  0.783745  0.000000  0.000000  0.000000  0.000000  0.000000  0.000000  0.000000  0.000000  0.000000  0.000000  0.000000  0.621083  0.000000  0.000000  0.000000  0.000000  0.000000  0.000000  0.000000  0.000000  0.000000  0.000000  0.000000  0.000000
crude article069.txt  0.000000  0.000000  0.000000  0.000000  0.533613  0.000000  0.000000  0.000000  0.000000  0.000000  0.000000  0.000000  0.000000  0.000000  0.000000  0.000000  0.845729  0.000000  0.000000  0.000000  0.000000  0.000000  0.000000  0.000000  0.000000  0.000000  0.000000  0.000000  0.000000
crude article070.txt  0.000000  0.000000  0.000000  0.000000  0.633656  0.588500  0.000000  0.000000  0.000000  0.000000  0.000000  0.000000  0.000000  0.000000  0.000000  0.000000  0.502144  0.000000  0.000000  0.000000  0.000000  0.000000  0.000000  0.000000  0.000000  0.000000  0.000000  0.000000  0.000000
crude article071.txt  0.323128  0.142686  0.000000  0.097687  0.508458  0.236112  0.156340  0.104609  0.000000  0.300332  0.000000  0.000000  0.000000  0.000000  0.000000  0.299433  0.201465  0.000000  0.273330  0.000000  0.075669  0.000000  0.463832  0.000000  0.000000  0.000000  0.000000  0.000000  0.000000
crude article072.txt  0.352992  0.000000  0.000000  0.000000  0.555451  0.515869  0.000000  0.000000  0.000000  0.000000  0.000000  0.000000  0.000000  0.000000  0.000000  0.000000  0.440171  0.000000  0.000000  0.000000  0.000000  0.000000  0.000000  0.327108  0.000000  0.000000  0.000000  0.000000  0.000000
crude article073.txt  0.319626  0.000000  0.274181  0.128838  0.502948  0.155702  0.206194  0.000000  0.000000  0.132034  0.136225  0.296631  0.000000  0.000000  0.000000  0.000000  0.531418  0.000000  0.180245  0.000000  0.199597  0.000000  0.087391  0.000000  0.000000  0.000000  0.000000  0.000000  0.000000
crude article075.txt  0.000000  0.000000  0.000000  0.000000  0.675671  0.313760  0.000000  0.000000  0.000000  0.000000  0.000000  0.000000  0.000000  0.000000  0.000000  0.000000  0.535439  0.000000  0.000000  0.000000  0.000000  0.000000  0.000000  0.397905  0.000000  0.000000  0.000000  0.000000  0.000000
crude article077.txt  0.394556  0.000000  0.000000  0.000000  0.620855  0.288306  0.000000  0.000000  0.000000  0.000000  0.000000  0.000000  0.000000  0.000000  0.000000  0.000000  0.492000  0.000000  0.000000  0.000000  0.000000  0.000000  0.000000  0.365624  0.000000  0.000000  0.000000  0.000000  0.000000
crude article079.txt  0.276704  0.122187  0.178022  0.167305  0.435409  0.202190  0.267757  0.000000  0.000000  0.342912  0.176897  0.385196  0.000000  0.000000  0.000000  0.000000  0.172521  0.000000  0.000000  0.130297  0.388786  0.000000  0.226968  0.000000  0.000000  0.000000  0.000000  0.000000  0.000000
crude article080.txt  0.416240  0.091901  0.000000  0.251673  0.491231  0.152075  0.100695  0.000000  0.098001  0.257917  0.133051  0.289721  0.000000  0.000000  0.000000  0.000000  0.389279  0.000000  0.000000  0.000000  0.292421  0.000000  0.256067  0.000000  0.000000  0.000000  0.000000  0.000000  0.000000
crude article081.txt  0.291888  0.257783  0.000000  0.176486  0.459300  0.213285  0.282449  0.000000  0.137446  0.361728  0.186604  0.203166  0.000000  0.000000  0.000000  0.000000  0.181988  0.000000  0.000000  0.000000  0.273413  0.000000  0.359133  0.135242  0.000000  0.000000  0.000000  0.000000  0.000000
crude article082.txt  0.000000  0.000000  0.347693  0.000000  0.850392  0.394896  0.000000  0.000000  0.000000  0.000000  0.000000  0.000000  0.000000  0.000000  0.000000  0.000000  0.000000  0.000000  0.000000  0.000000  0.000000  0.000000  0.000000  0.000000  0.000000  0.000000  0.000000  0.000000  0.000000
crude article083.txt  0.270627  0.079669  0.000000  0.327261  0.425845  0.131833  0.087292  0.000000  0.000000  0.000000  0.115341  0.000000  0.140864  0.000000  0.000000  0.000000  0.562439  0.000000  0.000000  0.084956  0.084499  0.000000  0.369971  0.167188  0.000000  0.116074  0.254611  0.000000  0.000000
crude article085.txt  0.411977  0.000000  0.000000  0.000000  0.432178  0.401381  0.265771  0.000000  0.000000  0.340368  0.175585  0.000000  0.000000  0.000000  0.000000  0.127256  0.171241  0.000000  0.000000  0.000000  0.128634  0.000000  0.450568  0.000000  0.000000  0.000000  0.000000  0.000000  0.000000
crude article086.txt  0.431385  0.126994  0.000000  0.173887  0.452538  0.210145  0.139145  0.000000  0.000000  0.356402  0.183857  0.400350  0.000000  0.000000  0.000000  0.133251  0.179308  0.000000  0.000000  0.000000  0.269387  0.000000  0.235897  0.000000  0.000000  0.000000  0.000000  0.000000  0.000000
crude article087.txt  0.184854  0.163255  0.000000  0.000000  0.727193  0.270149  0.000000  0.119688  0.000000  0.000000  0.000000  0.000000  0.000000  0.000000  0.000000  0.256948  0.115254  0.000000  0.000000  0.000000  0.086577  0.000000  0.454881  0.171299  0.000000  0.000000  0.000000  0.000000  0.000000
crude article088.txt  0.282222  0.106820  0.000000  0.097509  0.000000  0.000000  0.117041  0.052209  0.000000  0.000000  0.103100  0.000000  0.000000  0.000000  0.000000  0.224166  0.201098  0.161774  0.000000  0.075940  0.113296  0.461954  0.628339  0.037361  0.000000  0.103755  0.341382  0.000000  0.000000
crude article090.txt  0.423807  0.093572  0.136331  0.384373  0.333441  0.309679  0.102526  0.000000  0.000000  0.262606  0.270940  0.294988  0.000000  0.000000  0.000000  0.098182  0.264237  0.000000  0.000000  0.000000  0.297737  0.000000  0.173814  0.000000  0.000000  0.000000  0.000000  0.000000  0.000000
crude article091.txt  0.270507  0.119450  0.000000  0.327116  0.638486  0.197662  0.130880  0.000000  0.000000  0.167616  0.172936  0.376569  0.000000  0.000000  0.000000  0.000000  0.168657  0.000000  0.000000  0.000000  0.253386  0.000000  0.221884  0.000000  0.000000  0.000000  0.000000  0.000000  0.000000
crude article093.txt  0.393217  0.000000  0.252982  0.000000  0.464061  0.430991  0.190251  0.000000  0.000000  0.000000  0.251384  0.136848  0.153505  0.000000  0.000000  0.182192  0.245165  0.131482  0.000000  0.092580  0.092082  0.000000  0.241903  0.182192  0.000000  0.000000  0.138730  0.000000  0.000000
crude article094.txt  0.000000  0.343960  0.125284  0.000000  0.000000  0.142293  0.094218  0.000000  0.091697  0.000000  0.373479  0.000000  0.000000  0.000000  0.000000  0.451134  0.607065  0.000000  0.000000  0.091697  0.273611  0.000000  0.159730  0.090227  0.000000  0.000000  0.000000  0.000000  0.000000
crude article095.txt  0.000000  0.184560  0.134449  0.000000  0.000000  0.152702  0.101110  0.000000  0.393619  0.000000  0.400799  0.000000  0.000000  0.000000  0.000000  0.193654  0.260589  0.000000  0.353543  0.098405  0.391501  0.000000  0.428536  0.000000  0.000000  0.000000  0.147458  0.000000  0.000000
crude article096.txt  0.066989  0.118324  0.086197  0.000000  0.105411  0.000000  0.129646  0.086747  0.126177  0.041509  0.171304  0.139882  0.156908  0.093254  0.000000  0.403499  0.167066  0.134397  0.000000  0.063088  0.188247  0.000000  0.329688  0.403499  0.527196  0.000000  0.047268  0.000000  0.197200
crude article097.txt  0.176248  0.051885  0.037797  0.106566  0.046223  0.128786  0.085275  0.304310  0.470294  0.000000  0.075117  0.000000  0.183478  0.204461  0.000000  0.217766  0.219776  0.039289  0.099391  0.138322  0.137577  0.000000  0.505989  0.326648  0.126096  0.000000  0.082909  0.000000  0.043236
crude article098.txt  0.261222  0.269150  0.224081  0.105296  0.068508  0.127251  0.294904  0.056378  0.164008  0.053954  0.000000  0.060607  0.135968  0.181821  0.000000  0.121033  0.162868  0.058231  0.000000  0.164008  0.244688  0.142527  0.535670  0.363100  0.000000  0.000000  0.122881  0.000000  0.128163
crude article100.txt  0.321598  0.000000  0.000000  0.259266  0.674735  0.156663  0.207466  0.000000  0.000000  0.000000  0.137065  0.149231  0.000000  0.000000  0.000000  0.099339  0.267349  0.000000  0.000000  0.100958  0.200829  0.000000  0.351723  0.099339  0.000000  0.000000  0.000000  0.000000  0.000000
grain article000.txt  0.155210  0.411224  0.000000  0.000000  0.000000  0.000000  0.075095  0.000000  0.073086  0.000000  0.198451  0.108033  0.000000  0.216065  0.000000  0.359571  0.000000  0.103797  0.525159  0.146172  0.218078  0.127027  0.318278  0.215742  0.222088  0.000000  0.000000  0.000000  0.000000
grain article001.txt  0.098332  0.130264  0.000000  0.000000  0.000000  0.000000  0.000000  0.254671  0.231517  0.000000  0.062864  0.000000  0.000000  0.000000  0.000000  0.091122  0.122618  0.000000  0.831781  0.138910  0.138163  0.000000  0.201644  0.227805  0.000000  0.000000  0.069385  0.000000  0.000000
grain article002.txt  0.133261  0.117690  0.171471  0.000000  0.000000  0.194750  0.257904  0.172566  0.000000  0.000000  0.000000  0.000000  0.000000  0.000000  0.000000  0.370467  0.000000  0.000000  0.000000  0.251003  0.249652  0.000000  0.327923  0.246978  0.190682  0.342942  0.188062  0.429331  0.000000
grain article003.txt  0.078104  0.206934  0.025125  0.047224  0.000000  0.028536  0.075578  0.101141  0.036778  0.096792  0.049932  0.163091  0.030490  0.000000  0.000000  0.144753  0.000000  0.156696  0.000000  0.441338  0.201191  0.063922  0.432439  0.325695  0.000000  0.552743  0.000000  0.062907  0.057480
grain article004.txt  0.322298  0.047440  0.069118  0.194873  0.000000  0.157004  0.051979  0.069560  0.202355  0.133138  0.068682  0.000000  0.167759  0.000000  0.000000  0.348441  0.000000  0.071846  0.090876  0.101177  0.100633  0.087925  0.660915  0.348441  0.000000  0.000000  0.000000  0.000000  0.079064
grain article005.txt  0.037614  0.210388  0.064532  0.030324  0.000000  0.000000  0.097061  0.016236  0.307007  0.093228  0.016031  0.000000  0.176206  0.593435  0.000000  0.185898  0.000000  0.184466  0.296961  0.035424  0.023489  0.000000  0.339383  0.383414  0.107643  0.000000  0.141552  0.020197  0.018454
grain article006.txt  0.000000  0.320796  0.000000  0.073209  0.000000  0.000000  0.410075  0.000000  0.057015  0.075025  0.000000  0.000000  0.000000  0.000000  0.000000  0.056100  0.000000  0.080972  0.409678  0.114029  0.226831  0.000000  0.198632  0.000000  0.606380  0.155796  0.000000  0.097521  0.178215
grain article007.txt  0.075546  0.100079  0.000000  0.000000  0.000000  0.000000  0.109655  0.146743  0.213442  0.187244  0.048297  0.052583  0.000000  0.210333  0.000000  0.560051  0.000000  0.000000  0.255614  0.142295  0.176911  0.247315  0.495736  0.175016  0.216196  0.000000  0.053306  0.000000  0.055598
grain article008.txt  0.167353  0.147799  0.000000  0.404749  0.000000  0.000000  0.242912  0.000000  0.000000  0.103698  0.000000  0.000000  0.000000  0.000000  0.000000  0.465242  0.000000  0.000000  0.000000  0.000000  0.235140  0.000000  0.205907  0.232621  0.359195  0.000000  0.236173  0.404373  0.000000
grain article009.txt  0.163432  0.072168  0.000000  0.000000  0.000000  0.119421  0.237221  0.105818  0.076958  0.101268  0.000000  0.000000  0.000000  0.000000  0.000000  0.302895  0.000000  0.000000  0.000000  0.076958  0.229631  0.000000  0.469194  0.378619  0.233853  0.105146  0.115320  0.526533  0.000000
grain article010.txt  0.000000  0.196657  0.143261  0.134637  0.000000  0.162710  0.000000  0.144176  0.000000  0.000000  0.284712  0.000000  0.000000  0.154991  0.000000  0.103173  0.000000  0.000000  0.000000  0.314564  0.208580  0.000000  0.273974  0.206346  0.159312  0.429783  0.000000  0.538048  0.000000
grain article011.txt  0.111778  0.148077  0.071914  0.000000  0.000000  0.000000  0.108164  0.217121  0.157905  0.000000  0.071460  0.077802  0.087272  0.389012  0.000000  0.310745  0.000000  0.000000  0.000000  0.368445  0.157055  0.091482  0.366746  0.103582  0.399857  0.359571  0.000000  0.000000  0.082262
grain article012.txt  0.071207  0.377324  0.000000  0.344436  0.000000  0.000000  0.068905  0.000000  0.000000  0.264736  0.182092  0.000000  0.000000  0.000000  0.000000  0.131972  0.000000  0.285720  0.000000  0.134123  0.066700  0.116556  0.642489  0.263943  0.000000  0.091625  0.000000  0.000000  0.000000
grain article013.txt  0.161458  0.071296  0.000000  0.097623  0.000000  0.000000  0.234356  0.000000  0.152057  0.100045  0.000000  0.000000  0.000000  0.000000  0.000000  0.374046  0.100667  0.107975  0.000000  0.152057  0.075619  0.000000  0.662182  0.074809  0.346543  0.207753  0.000000  0.130043  0.237647
grain article014.txt  0.106436  0.141000  0.136955  0.000000  0.000000  0.000000  0.051497  0.068915  0.050120  0.131904  0.136090  0.222253  0.083102  0.000000  0.000000  0.147947  0.000000  0.284718  0.000000  0.300717  0.199399  0.174220  0.611134  0.295895  0.000000  0.342387  0.000000  0.000000  0.078331
grain article015.txt  0.000000  0.207445  0.000000  0.071011  0.000000  0.000000  0.000000  0.000000  0.331820  0.000000  0.000000  0.000000  0.000000  0.572227  0.000000  0.163249  0.000000  0.078542  0.000000  0.055303  0.110011  0.000000  0.144502  0.000000  0.084026  0.000000  0.000000  0.662158  0.000000
grain article016.txt  0.123396  0.217956  0.158778  0.149219  0.000000  0.000000  0.039802  0.000000  0.387371  0.000000  0.000000  0.057259  0.064229  0.458075  0.000000  0.190579  0.000000  0.055014  0.139172  0.116211  0.154114  0.000000  0.303648  0.381159  0.353133  0.105852  0.174140  0.132516  0.060542
grain article017.txt  0.000000  0.301224  0.146291  0.000000  0.000000  0.332304  0.110016  0.000000  0.428290  0.000000  0.000000  0.000000  0.000000  0.000000  0.000000  0.105355  0.708854  0.000000  0.000000  0.000000  0.000000  0.000000  0.186513  0.000000  0.000000  0.000000  0.000000  0.183143  0.000000
grain article018.txt  0.300891  0.147630  0.129055  0.000000  0.000000  0.488586  0.226459  0.476225  0.031486  0.000000  0.000000  0.000000  0.000000  0.000000  0.000000  0.216866  0.000000  0.089432  0.000000  0.094457  0.031316  0.000000  0.329076  0.340789  0.000000  0.129055  0.188723  0.107710  0.000000
grain article019.txt  0.029143  0.180166  0.074999  0.105726  0.000000  0.000000  0.112803  0.037739  0.356802  0.036116  0.111788  0.040570  0.045508  0.486838  0.000000  0.351080  0.000000  0.000000  0.000000  0.027446  0.136493  0.000000  0.430286  0.135031  0.417007  0.000000  0.123383  0.046946  0.128686
grain article020.txt  0.000000  0.126506  0.000000  0.000000  0.000000  0.000000  0.277223  0.000000  0.134903  0.000000  0.000000  0.199407  0.000000  0.000000  0.000000  0.132739  0.000000  0.000000  0.000000  0.269805  0.134177  0.000000  0.117496  0.000000  0.614896  0.368630  0.000000  0.461490  0.000000
grain article021.txt  0.000000  0.493820  0.000000  0.000000  0.000000  0.000000  0.000000  0.000000  0.526596  0.000000  0.000000  0.000000  0.000000  0.000000  0.000000  0.000000  0.000000  0.000000  0.000000  0.000000  0.000000  0.000000  0.458647  0.518151  0.000000  0.000000  0.000000  0.000000  0.000000
grain article022.txt  0.174547  0.308304  0.000000  0.000000  0.000000  0.000000  0.168903  0.339044  0.164384  0.000000  0.111588  0.000000  0.000000  0.000000  0.000000  0.161747  0.000000  0.000000  0.000000  0.164384  0.245248  0.000000  0.357931  0.242621  0.249757  0.112297  0.000000  0.562342  0.000000
grain article023.txt  0.105180  0.278673  0.135339  0.000000  0.000000  0.000000  0.407117  0.000000  0.000000  0.000000  0.000000  0.000000  0.000000  0.000000  0.000000  0.438605  0.000000  0.000000  0.000000  0.049528  0.098523  0.000000  0.086275  0.194935  0.602007  0.000000  0.000000  0.338863  0.000000
grain article024.txt  0.000000  0.000000  0.000000  0.000000  0.000000  0.000000  0.000000  0.000000  0.000000  0.000000  0.000000  0.000000  0.000000  0.000000  0.000000  0.000000  0.000000  0.000000  0.000000  0.000000  0.000000  0.000000  0.000000  0.000000  1.000000  0.000000  0.000000  0.000000  0.000000
grain article026.txt  0.137097  0.242156  0.529219  0.000000  0.000000  0.000000  0.132664  0.000000  0.000000  0.000000  0.175292  0.000000  0.000000  0.000000  0.000000  0.508174  0.000000  0.000000  0.000000  0.129114  0.256838  0.000000  0.224908  0.000000  0.392341  0.000000  0.000000  0.220844  0.000000
grain article027.txt  0.101717  0.134749  0.130883  0.123004  0.000000  0.000000  0.196856  0.065859  0.143692  0.126055  0.130056  0.000000  0.000000  0.000000  0.000000  0.282776  0.000000  0.068024  0.344165  0.143692  0.285837  0.000000  0.584038  0.424163  0.072773  0.065441  0.000000  0.081926  0.000000
grain article028.txt  0.000000  0.292142  0.851281  0.000000  0.000000  0.000000  0.000000  0.000000  0.000000  0.000000  0.000000  0.000000  0.000000  0.000000  0.000000  0.000000  0.000000  0.000000  0.000000  0.000000  0.309855  0.000000  0.000000  0.306536  0.000000  0.000000  0.000000  0.000000  0.000000
grain article029.txt  0.094381  0.041676  0.060721  0.114132  0.000000  0.000000  0.182658  0.000000  0.088885  0.058482  0.060338  0.000000  0.000000  0.131386  0.000000  0.393569  0.000000  0.063117  0.000000  0.044443  0.176814  0.077243  0.774160  0.262379  0.135048  0.000000  0.133193  0.000000  0.069459
grain article030.txt  0.000000  0.096460  0.281077  0.132078  0.000000  0.638472  0.000000  0.282873  0.000000  0.270710  0.000000  0.000000  0.000000  0.000000  0.000000  0.202425  0.000000  0.000000  0.000000  0.000000  0.000000  0.000000  0.358357  0.404850  0.000000  0.000000  0.000000  0.000000  0.000000
grain article031.txt  0.000000  0.000000  0.000000  0.000000  0.000000  1.000000  0.000000  0.000000  0.000000  0.000000  0.000000  0.000000  0.000000  0.000000  0.000000  0.000000  0.000000  0.000000  0.000000  0.000000  0.000000  0.000000  0.000000  0.000000  0.000000  0.000000  0.000000  0.000000  0.000000
grain article032.txt  0.098364  0.260614  0.126568  0.118949  0.000000  0.287503  0.380735  0.000000  0.092637  0.000000  0.000000  0.136932  0.000000  0.000000  0.000000  0.273454  0.000000  0.000000  0.000000  0.000000  0.276415  0.161007  0.564786  0.000000  0.140749  0.000000  0.000000  0.316903  0.144781
grain article033.txt  0.000000  0.000000  0.000000  0.000000  0.000000  0.000000  0.000000  0.000000  0.426658  0.000000  0.000000  0.000000  0.000000  0.630666  0.000000  0.000000  0.000000  0.000000  0.000000  0.000000  0.000000  0.000000  0.000000  0.000000  0.648246  0.000000  0.000000  0.000000  0.000000
grain article034.txt  0.000000  0.000000  0.503615  0.000000  0.000000  0.000000  0.000000  0.000000  0.368602  0.000000  0.000000  0.000000  0.000000  0.544850  0.000000  0.000000  0.000000  0.000000  0.000000  0.000000  0.000000  0.000000  0.000000  0.000000  0.560038  0.000000  0.000000  0.000000  0.000000
grain article035.txt  0.000000  0.000000  0.000000  0.000000  0.000000  0.000000  0.000000  0.000000  0.000000  0.000000  0.000000  0.000000  0.000000  0.837952  0.000000  0.000000  0.000000  0.000000  0.000000  0.226757  0.000000  0.000000  0.000000  0.000000  0.000000  0.309814  0.000000  0.387858  0.000000
grain article036.txt  0.000000  0.000000  0.585146  0.000000  0.000000  0.000000  0.015716  0.000000  0.244729  0.000000  0.000000  0.000000  0.760833  0.090437  0.000000  0.015050  0.020252  0.065168  0.000000  0.030591  0.000000  0.000000  0.039966  0.000000  0.000000  0.041796  0.000000  0.026162  0.023905
grain article037.txt  0.000000  0.056706  0.000000  0.000000  0.000000  0.000000  0.186396  0.000000  0.302347  0.000000  0.000000  0.089383  0.000000  0.000000  0.000000  0.297499  0.000000  0.000000  0.000000  0.302347  0.060144  0.000000  0.579335  0.297499  0.367499  0.330474  0.000000  0.103430  0.000000
grain article038.txt  0.000000  0.131279  0.000000  0.000000  0.000000  0.000000  0.000000  0.000000  0.279984  0.184214  0.000000  0.000000  0.000000  0.413859  0.000000  0.137747  0.000000  0.000000  0.000000  0.139992  0.000000  0.000000  0.121928  0.000000  0.212698  0.191269  0.000000  0.718351  0.218791
grain article039.txt  0.000000  0.018201  0.291704  0.000000  0.000000  0.000000  0.000000  0.000000  0.097046  0.051081  0.052702  0.000000  0.321820  0.631177  0.000000  0.019098  0.000000  0.000000  0.000000  0.019409  0.019305  0.000000  0.050715  0.000000  0.619282  0.026519  0.000000  0.099596  0.000000
grain article040.txt  0.000000  0.191609  0.000000  0.524724  0.000000  0.000000  0.209943  0.000000  0.204326  0.000000  0.000000  0.000000  0.000000  0.302025  0.000000  0.201050  0.000000  0.000000  0.000000  0.204326  0.000000  0.000000  0.355922  0.000000  0.000000  0.279167  0.000000  0.349491  0.319338
grain article041.txt  0.000000  0.035390  0.309369  0.000000  0.000000  0.000000  0.000000  0.000000  0.000000  0.000000  0.051236  0.000000  0.375438  0.669398  0.000000  0.000000  0.000000  0.000000  0.000000  0.113215  0.000000  0.000000  0.098607  0.000000  0.516044  0.051561  0.056550  0.129100  0.000000
grain article042.txt  0.000000  0.000000  0.298328  0.000000  0.000000  0.000000  0.000000  0.000000  0.109175  0.000000  0.074111  0.000000  0.362039  0.645508  0.000000  0.000000  0.000000  0.000000  0.000000  0.109175  0.000000  0.000000  0.047544  0.000000  0.497627  0.074582  0.000000  0.280109  0.000000
grain article043.txt  0.000000  0.050876  0.296498  0.000000  0.000000  0.000000  0.000000  0.000000  0.000000  0.000000  0.073656  0.000000  0.359819  0.641549  0.000000  0.000000  0.000000  0.000000  0.000000  0.162758  0.000000  0.000000  0.094504  0.000000  0.494575  0.074124  0.000000  0.278390  0.000000
grain article044.txt  0.000000  0.000000  0.308988  0.000000  0.000000  0.000000  0.000000  0.000000  0.113076  0.099197  0.051173  0.000000  0.374976  0.668574  0.000000  0.000000  0.000000  0.000000  0.000000  0.075384  0.000000  0.000000  0.032828  0.000000  0.515408  0.051498  0.000000  0.128941  0.000000
grain article045.txt  0.046766  0.016062  0.000000  0.004713  0.000000  0.000000  0.006285  0.001682  0.011011  0.001610  0.001661  0.000000  0.000000  0.000000  0.998225  0.003611  0.006480  0.005213  0.000000  0.002447  0.000000  0.004253  0.012787  0.006019  0.005576  0.003343  0.000000  0.023019  0.005736
grain article046.txt  0.000000  0.000000  0.320384  0.000000  0.000000  0.000000  0.000000  0.000000  0.078164  0.102856  0.053060  0.000000  0.388806  0.635463  0.000000  0.000000  0.000000  0.000000  0.000000  0.078164  0.000000  0.000000  0.102118  0.000000  0.534418  0.053397  0.000000  0.133697  0.000000
grain article047.txt  0.057645  0.118790  0.000000  0.023236  0.000000  0.280813  0.167344  0.000000  0.452407  0.023813  0.000000  0.000000  0.000000  0.775723  0.120532  0.071224  0.071882  0.102801  0.000000  0.054289  0.000000  0.000000  0.063045  0.035612  0.054989  0.074174  0.000000  0.123812  0.028282
grain article048.txt  0.000000  0.053398  0.311194  0.000000  0.000000  0.000000  0.000000  0.000000  0.000000  0.000000  0.077307  0.000000  0.377653  0.673347  0.000000  0.000000  0.000000  0.000000  0.000000  0.113883  0.000000  0.000000  0.099188  0.000000  0.519088  0.077798  0.000000  0.000000  0.000000
grain article049.txt  0.000000  0.224424  0.000000  0.307295  0.000000  0.000000  0.000000  0.000000  0.239320  0.000000  0.000000  0.000000  0.000000  0.000000  0.000000  0.470963  0.158437  0.000000  0.000000  0.119660  0.000000  0.000000  0.104220  0.353223  0.545418  0.163489  0.000000  0.204673  0.187014
grain article050.txt  0.041302  0.145905  0.000000  0.049945  0.000000  0.000000  0.039967  0.053484  0.272281  0.102369  0.000000  0.114992  0.128989  0.517464  0.000000  0.153094  0.000000  0.055242  0.000000  0.038897  0.270815  0.067605  0.406538  0.114820  0.531889  0.053145  0.000000  0.133064  0.000000
grain article051.txt  0.000000  0.000000  0.000000  0.000000  0.000000  0.000000  0.347858  0.000000  0.000000  0.000000  0.000000  0.000000  0.000000  0.000000  0.000000  0.000000  0.000000  0.000000  0.000000  0.338551  0.000000  0.000000  0.000000  0.333122  0.514380  0.231278  0.000000  0.579077  0.000000
grain article052.txt  0.000000  0.000000  0.000000  0.000000  0.000000  0.000000  0.426677  0.000000  0.000000  0.000000  0.000000  0.000000  0.000000  0.000000  0.000000  0.000000  0.000000  0.000000  0.000000  0.415262  0.000000  0.000000  0.000000  0.408602  0.630930  0.283682  0.000000  0.000000  0.000000
grain article053.txt  0.000000  0.737874  0.000000  0.072167  0.000000  0.000000  0.000000  0.000000  0.393424  0.000000  0.000000  0.083077  0.000000  0.249232  0.000000  0.000000  0.074417  0.079820  0.000000  0.056203  0.000000  0.000000  0.097903  0.387115  0.170786  0.076790  0.000000  0.096134  0.087839
grain article054.txt  0.126910  0.012453  0.000000  0.034104  0.000000  0.000000  0.013645  0.000000  0.079680  0.000000  0.000000  0.000000  0.000000  0.117780  0.972986  0.013067  0.000000  0.000000  0.000000  0.013280  0.000000  0.000000  0.011566  0.000000  0.121063  0.018144  0.000000  0.000000  0.000000
grain article055.txt  0.000000  0.236249  0.000000  0.000000  0.000000  0.000000  0.258855  0.000000  0.000000  0.066302  0.068406  0.000000  0.000000  0.000000  0.000000  0.347044  0.000000  0.000000  0.000000  0.100772  0.150344  0.000000  0.438843  0.247889  0.612432  0.137682  0.000000  0.258548  0.000000
grain article056.txt  0.178817  0.017547  0.000000  0.048053  0.000000  0.000000  0.019226  0.000000  0.112270  0.000000  0.000000  0.000000  0.000000  0.193612  0.934738  0.018412  0.000000  0.000000  0.000000  0.018712  0.000000  0.000000  0.016297  0.000000  0.199009  0.025566  0.000000  0.000000  0.000000
grain article057.txt  0.000000  0.248552  0.000000  0.000000  0.000000  0.102824  0.136168  0.182222  0.066262  0.087194  0.000000  0.000000  0.000000  0.000000  0.000000  0.325998  0.000000  0.188210  0.000000  0.132524  0.131811  0.000000  0.519409  0.130399  0.402704  0.181066  0.000000  0.453354  0.000000
grain article058.txt  0.048146  0.085040  0.000000  0.000000  0.000000  0.000000  0.093178  0.000000  0.181369  0.000000  0.000000  0.000000  0.000000  0.000000  0.906022  0.089230  0.000000  0.000000  0.000000  0.000000  0.000000  0.000000  0.197458  0.133845  0.137782  0.000000  0.000000  0.155112  0.141729
grain article059.txt  0.141443  0.124916  0.000000  0.000000  0.000000  0.103354  0.136869  0.091581  0.066604  0.175286  0.000000  0.000000  0.000000  0.000000  0.000000  0.262142  0.000000  0.000000  0.000000  0.133207  0.198736  0.000000  0.580096  0.327678  0.202390  0.181999  0.199609  0.455691  0.000000
grain article060.txt  0.000000  0.000000  0.000000  0.000000  0.000000  0.000000  0.146757  0.000000  0.071415  0.000000  0.000000  0.000000  0.000000  0.105563  0.951340  0.000000  0.000000  0.000000  0.000000  0.142831  0.000000  0.000000  0.124401  0.000000  0.108505  0.097574  0.000000  0.000000  0.000000
grain article061.txt  0.000000  0.260312  0.758530  0.000000  0.000000  0.000000  0.000000  0.000000  0.000000  0.000000  0.000000  0.000000  0.000000  0.000000  0.000000  0.000000  0.000000  0.000000  0.000000  0.000000  0.000000  0.000000  0.241771  0.546275  0.000000  0.000000  0.000000  0.000000  0.000000
grain article062.txt  0.000000  0.216044  0.000000  0.000000  0.000000  0.357502  0.355075  0.000000  0.000000  0.000000  0.000000  0.000000  0.000000  0.000000  0.000000  0.000000  0.000000  0.000000  0.000000  0.115192  0.000000  0.000000  0.200656  0.000000  0.000000  0.157385  0.000000  0.788122  0.000000
grain article063.txt  0.000000  0.312812  0.000000  0.085664  0.000000  0.000000  0.274195  0.030578  0.088953  0.000000  0.090576  0.032872  0.000000  0.032872  0.000000  0.240698  0.029445  0.063165  0.239689  0.066715  0.221186  0.000000  0.677907  0.065645  0.371667  0.060768  0.066647  0.076075  0.104268
grain article064.txt  0.000000  0.048744  0.000000  0.000000  0.000000  0.000000  0.053408  0.000000  0.207917  0.000000  0.000000  0.000000  0.000000  0.000000  0.000000  0.409166  0.000000  0.000000  0.000000  0.311876  0.000000  0.090342  0.497995  0.204583  0.473851  0.355092  0.000000  0.177817  0.081238
grain article065.txt  0.218019  0.269563  0.140266  0.079093  0.000000  0.095585  0.084388  0.112929  0.164260  0.027018  0.111504  0.060700  0.000000  0.030350  0.000000  0.262641  0.000000  0.058320  0.000000  0.225857  0.204219  0.214118  0.661673  0.303048  0.031196  0.168319  0.030767  0.000000  0.096269
grain article066.txt  0.000000  0.000000  0.000000  0.000000  0.000000  0.000000  0.448640  0.000000  0.000000  0.287283  0.000000  0.000000  0.000000  0.000000  0.000000  0.214817  0.000000  0.000000  0.000000  0.218318  0.217143  0.000000  0.000000  0.214817  0.663407  0.298285  0.000000  0.000000  0.000000
grain article068.txt  0.000000  0.275323  0.744966  0.000000  0.000000  0.000000  0.086191  0.173014  0.125827  0.000000  0.113886  0.000000  0.000000  0.000000  0.000000  0.000000  0.000000  0.059566  0.000000  0.000000  0.000000  0.000000  0.073061  0.453967  0.000000  0.000000  0.251399  0.143481  0.065551
grain article069.txt  0.143123  0.126400  0.000000  0.000000  0.000000  0.000000  0.069247  0.185337  0.202184  0.000000  0.182997  0.000000  0.000000  0.199239  0.000000  0.132628  0.000000  0.000000  0.000000  0.000000  0.134064  0.000000  0.293492  0.132628  0.819171  0.000000  0.000000  0.000000  0.000000
grain article070.txt  0.130331  0.076735  0.167700  0.262675  0.000000  0.000000  0.042039  0.168772  0.286398  0.053838  0.000000  0.000000  0.000000  0.181431  0.000000  0.483095  0.000000  0.000000  0.146993  0.000000  0.325550  0.071110  0.534521  0.120774  0.248652  0.000000  0.061309  0.000000  0.000000
grain article071.txt  0.300599  0.165923  0.000000  0.090876  0.000000  0.000000  0.109080  0.048658  0.247710  0.046566  0.096087  0.052307  0.000000  0.156922  0.000000  0.278557  0.000000  0.050257  0.127137  0.035387  0.246376  0.061504  0.369851  0.383016  0.053766  0.000000  0.106054  0.544753  0.055306
grain article072.txt  0.060406  0.320089  0.000000  0.219143  0.000000  0.000000  0.175359  0.469339  0.056889  0.000000  0.154471  0.000000  0.000000  0.000000  0.000000  0.167930  0.000000  0.000000  0.000000  0.000000  0.396080  0.000000  0.545033  0.279884  0.000000  0.000000  0.085247  0.000000  0.000000
grain article073.txt  0.081059  0.286350  0.000000  0.000000  0.000000  0.000000  0.000000  0.104967  0.152678  0.000000  0.000000  0.112841  0.126575  0.000000  0.000000  0.525803  0.000000  0.108416  0.137133  0.076339  0.075928  0.000000  0.199466  0.075115  0.695917  0.000000  0.000000  0.000000  0.000000
grain article074.txt  0.150116  0.331441  0.386319  0.272297  0.000000  0.000000  0.036316  0.000000  0.070688  0.000000  0.000000  0.052244  0.058603  0.000000  0.000000  0.208663  0.000000  0.100391  0.000000  0.035344  0.281230  0.000000  0.430967  0.104331  0.000000  0.048290  0.052962  0.544089  0.000000
grain article075.txt  0.061651  0.326685  0.079328  0.074553  0.000000  0.000000  0.059658  0.079835  0.464491  0.000000  0.157654  0.000000  0.288810  0.000000  0.000000  0.114261  0.000000  0.082458  0.208599  0.174184  0.346493  0.000000  0.505695  0.171391  0.000000  0.079328  0.174008  0.000000  0.090743
grain article076.txt  0.054290  0.239734  0.000000  0.000000  0.000000  0.000000  0.105069  0.210909  0.051129  0.000000  0.000000  0.000000  0.508654  0.680189  0.000000  0.050309  0.000000  0.000000  0.000000  0.153387  0.000000  0.000000  0.133595  0.201237  0.000000  0.139714  0.000000  0.174908  0.159818
grain article077.txt  0.000000  0.076135  0.000000  0.104249  0.000000  0.251971  0.417101  0.000000  0.081188  0.000000  0.000000  0.000000  0.000000  0.240017  0.000000  0.159773  0.000000  0.000000  0.000000  0.243565  0.080751  0.000000  0.565698  0.399432  0.000000  0.332779  0.000000  0.000000  0.000000
grain article078.txt  0.000000  0.000000  0.000000  0.000000  0.000000  0.000000  0.382947  0.000000  0.000000  0.000000  0.000000  0.000000  0.000000  0.000000  0.000000  0.000000  0.000000  0.000000  0.000000  0.372701  0.000000  0.000000  0.000000  0.366725  0.566266  0.509216  0.000000  0.000000  0.000000
grain article079.txt  0.384768  0.113270  0.000000  0.000000  0.000000  0.000000  0.000000  0.000000  0.000000  0.000000  0.000000  0.000000  0.200275  0.000000  0.000000  0.594256  0.000000  0.000000  0.000000  0.120788  0.120138  0.000000  0.315607  0.118851  0.550561  0.000000  0.000000  0.000000  0.000000
grain article080.txt  0.000000  0.142461  0.000000  0.097533  0.000000  0.000000  0.156092  0.208886  0.379790  0.099952  0.412499  0.000000  0.000000  0.112278  0.000000  0.149480  0.000000  0.215750  0.545795  0.075958  0.226648  0.000000  0.330784  0.074740  0.115407  0.000000  0.113822  0.000000  0.000000
grain article081.txt  0.122370  0.216144  0.052486  0.098652  0.000000  0.000000  0.078942  0.052821  0.115245  0.151650  0.000000  0.227133  0.063695  0.000000  0.000000  0.226794  0.000000  0.381897  0.069008  0.384150  0.191041  0.133534  0.368040  0.302392  0.000000  0.419886  0.057564  0.000000  0.120076
grain article082.txt  0.159152  0.187408  0.341310  0.000000  0.000000  0.000000  0.000000  0.000000  0.049962  0.065744  0.000000  0.000000  0.000000  0.147702  0.000000  0.294963  0.000000  0.070955  0.000000  0.049962  0.149079  0.000000  0.652725  0.147482  0.455459  0.000000  0.149733  0.000000  0.000000
grain article084.txt  0.190125  0.209888  0.000000  0.000000  0.000000  0.000000  0.045994  0.492406  0.223819  0.058904  0.243095  0.000000  0.000000  0.198503  0.000000  0.440460  0.000000  0.000000  0.241237  0.044764  0.267137  0.000000  0.350890  0.264276  0.068012  0.000000  0.000000  0.000000  0.000000
grain article085.txt  0.089108  0.157392  0.114657  0.000000  0.000000  0.000000  0.028742  0.038463  0.391623  0.036809  0.037978  0.041348  0.000000  0.413484  0.000000  0.467916  0.000000  0.000000  0.050250  0.167838  0.194758  0.097237  0.365454  0.137622  0.212505  0.038219  0.083834  0.334927  0.087437
grain article086.txt  0.095554  0.210972  0.000000  0.115550  0.000000  0.000000  0.046232  0.123737  0.269970  0.000000  0.061088  0.066509  0.149210  0.000000  0.000000  0.398461  0.000000  0.255606  0.080828  0.089990  0.134258  0.078203  0.666215  0.309914  0.000000  0.000000  0.067424  0.000000  0.070322
grain article087.txt  0.320414  0.353720  0.000000  0.096867  0.000000  0.117065  0.232540  0.103730  0.377197  0.000000  0.000000  0.000000  0.125084  0.111511  0.000000  0.371148  0.000000  0.214277  0.000000  0.000000  0.150067  0.131117  0.459936  0.222689  0.000000  0.000000  0.113044  0.129036  0.000000
grain article088.txt  0.106449  0.094011  0.000000  0.000000  0.000000  0.000000  0.618042  0.000000  0.100251  0.000000  0.000000  0.000000  0.000000  0.000000  0.000000  0.000000  0.000000  0.000000  0.000000  0.000000  0.199423  0.000000  0.436576  0.000000  0.304634  0.000000  0.000000  0.514425  0.000000
grain article089.txt  0.000000  0.000000  0.000000  0.000000  0.000000  0.000000  0.000000  0.000000  0.383697  0.000000  0.000000  0.000000  0.000000  0.000000  0.000000  0.000000  0.000000  0.000000  0.000000  0.383697  0.000000  0.000000  0.000000  0.000000  0.000000  0.524239  0.000000  0.656298  0.000000
grain article090.txt  0.000000  0.103088  0.000000  0.211732  0.000000  0.341174  0.169429  0.075578  0.054965  0.072328  0.074624  0.000000  0.000000  0.568729  0.000000  0.054084  0.000000  0.000000  0.000000  0.054965  0.164008  0.000000  0.526601  0.324503  0.000000  0.075098  0.000000  0.188031  0.000000
grain article091.txt  0.000000  0.000000  0.000000  0.000000  0.000000  0.000000  0.394978  0.000000  0.000000  0.000000  0.000000  0.000000  0.000000  0.000000  0.000000  0.378245  0.000000  0.000000  0.000000  0.384410  0.000000  0.000000  0.000000  0.378245  0.584056  0.262606  0.000000  0.000000  0.000000
grain article092.txt  0.000000  0.000000  0.000000  0.000000  0.000000  0.000000  0.403325  0.000000  0.196267  0.000000  0.000000  0.000000  0.000000  0.000000  0.000000  0.386239  0.000000  0.000000  0.000000  0.196267  0.195210  0.000000  0.512825  0.386239  0.298199  0.268156  0.000000  0.000000  0.000000
grain article093.txt  0.113166  0.000000  0.291229  0.000000  0.000000  0.000000  0.219014  0.000000  0.106577  0.140244  0.000000  0.000000  0.000000  0.000000  0.000000  0.209736  0.000000  0.000000  0.000000  0.000000  0.212007  0.000000  0.278475  0.314603  0.161928  0.000000  0.000000  0.729181  0.000000
grain article094.txt  0.347840  0.204798  0.000000  0.140211  0.000000  0.000000  0.112197  0.075072  0.272989  0.000000  0.000000  0.080704  0.000000  0.000000  0.000000  0.590944  0.000000  0.155079  0.000000  0.109195  0.108608  0.000000  0.475528  0.214889  0.000000  0.000000  0.081814  0.186774  0.085330
grain article095.txt  0.077478  0.205275  0.099693  0.093691  0.000000  0.000000  0.000000  0.000000  0.437798  0.192032  0.099063  0.107855  0.120983  0.215711  0.000000  0.358981  0.000000  0.000000  0.262149  0.145933  0.217721  0.000000  0.254205  0.287185  0.443448  0.000000  0.109339  0.000000  0.000000
grain article096.txt  0.217059  0.000000  0.000000  0.131241  0.000000  0.317213  0.105020  0.140540  0.204420  0.134497  0.000000  0.000000  0.169472  0.000000  0.000000  0.301713  0.000000  0.145158  0.000000  0.102210  0.000000  0.000000  0.623151  0.402284  0.000000  0.139648  0.153160  0.000000  0.000000
grain article097.txt  0.000000  0.070426  0.000000  0.000000  0.000000  0.116538  0.154329  0.206527  0.150200  0.098823  0.203919  0.000000  0.000000  0.000000  0.000000  0.369478  0.000000  0.213313  0.000000  0.225300  0.224087  0.000000  0.457867  0.369478  0.342311  0.307823  0.000000  0.000000  0.000000
grain article098.txt  0.145502  0.042834  0.000000  0.175951  0.000000  0.000000  0.234661  0.125611  0.274059  0.120211  0.124026  0.000000  0.000000  0.000000  0.000000  0.404496  0.000000  0.129739  0.164104  0.091353  0.181723  0.079388  0.397827  0.089888  0.000000  0.062407  0.000000  0.546894  0.214161
grain article099.txt  0.224918  0.033106  0.000000  0.000000  0.000000  0.000000  0.036274  0.097086  0.105911  0.000000  0.000000  0.052184  0.117072  0.000000  0.000000  0.416851  0.000000  0.100276  0.000000  0.317733  0.070227  0.061359  0.276735  0.173688  0.160917  0.434114  0.000000  0.543469  0.000000
grain article100.txt  0.000000  0.069553  0.000000  0.000000  0.000000  0.000000  0.000000  0.000000  0.370849  0.000000  0.100697  0.000000  0.000000  0.000000  0.000000  0.000000  0.000000  0.000000  0.399709  0.000000  0.147541  0.000000  0.645993  0.145961  0.000000  0.000000  0.111142  0.000000  0.463675
